% Vector DYNA4 Version 4.0

USER_COMMENT.Comment = 'User-defined comment';
USER_COMMENT.v = '';

FuelDensity.Comment = 'Fuel density';
FuelDensity.vUnit = 'kg/m**3';
FuelDensity.v = 765;
FuelDensity.vQnty = 'MassDensity';

NetCalorificValue.Comment = 'Net calorific value';
NetCalorificValue.vUnit = 'J/kg';
NetCalorificValue.v = 42000000;
NetCalorificValue.vQnty = 'NetCalorificValue';

EngConsumptionMap.Comment = 'Engine consumption map';
EngConsumptionMap.xComment = 'Engine torque';
EngConsumptionMap.xUnit = 'Nm';
EngConsumptionMap.yComment = 'Engine speed';
EngConsumptionMap.yUnit = 'rad/s';
EngConsumptionMap.vComment = 'Fuel consumption';
EngConsumptionMap.vUnit = 'kg/s';
EngConsumptionMap.x = [0, 21.05263157894737, 42.10526315789474, 63.157894736842117, 84.21052631578948, 105.26315789473685, 126.31578947368423, 147.36842105263159, 168.42105263157896, 189.47368421052633, 210.5263157894737, 231.5789473684211, 252.63157894736847, 273.68421052631584, 294.73684210526318, 315.78947368421058, 336.84210526315792, 357.89473684210532, 378.94736842105266, 400.00000000000006];
EngConsumptionMap.y = [73.303828583761828, 98.6111027376796, 123.91837689159738, 149.22565104551518, 174.53292519943295, 199.84019935335073, 225.1474735072685, 250.45474766118627, 275.76202181510405, 301.06929596902182, 326.3765701229396, 351.68384427685737, 376.99111843077515, 402.29839258469292, 427.60566673861069, 452.91294089252847, 478.22021504644624, 503.52748920036413, 528.83476335428179, 554.14203750819968, 579.44931166211734, 604.75658581603523, 630.063859969953, 655.37113412387077, 680.67840827778855];
EngConsumptionMap.v = [0.00014683365277777779, 0.00017039608058993055, 0.00020585467385236109, 0.00024509841066715281, 0.0002858271238981482, 0.00032722407651643526, 0.0003709996965430556, 0.00041622894665254638, 0.00046225026866944448, 0.00050891514911111113, 0.00055623750578101864, 0.00060426430126689823, 0.0006926142300000002, 0.00083808859750000007, 0.00095409930000000013, 0.0010141290390000002, 0.001086499414, 0.0011912639585000004, 0.001283061318, 0.0013251511350000004, 0.0013716505880000003, 0.0014457102660000005, 0.0015188658100000003, 0.0015798155450000002, 0.0016407652800000002; ...
    0.00023667856505847959, 0.00027350365093404806, 0.00032605297424269006, 0.00038465347018421057, 0.00045072883423976615, 0.00052002221921393756, 0.000591845995149123, 0.00066316603387329433, 0.00074597746546588685, 0.00082997852883771926, 0.00091860014179142311, 0.0010050280557780107, 0.0011399076028421051, 0.0012944539181945079, 0.001428899050526316, 0.0015384713327437072, 0.00166613028768421, 0.0018008607636029754, 0.0019369468053157895, 0.0020315913938157904, 0.00214956898431579, 0.0022891783773157904, 0.00244699734631579, 0.0025401469413157897, 0.0026438906826315796; ...
    0.00031481498245614038, 0.00038060489676900583, 0.00045729498219565219, 0.00054604244930116957, 0.00063540956336350534, 0.00073456915263840161, 0.000831696291008772, 0.00093594193420808939, 0.0010425312066803119, 0.0011601959505921054, 0.0012870800855643277, 0.0014276646050633529, 0.001568960510526316, 0.0017167509387368421, 0.0018752995597368419, 0.0020508864732631574, 0.0022265263992631572, 0.00240632947413158, 0.0025908084996315787, 0.0027496025642105267, 0.0029274155842105268, 0.00314495936613158, 0.0033751288826315796, 0.003505451700763159, 0.0036470160852631584; ...
    0.00039891952704678368, 0.0004901678326486356, 0.00059786970891228066, 0.00071243476635672533, 0.00083232356552631571, 0.00095666996933187122, 0.0010827053282865496, 0.0012120475172495129, 0.0013477499772943471, 0.00149068675000731, 0.0016464645184649117, 0.0018192786480482456, 0.00199873722631579, 0.0021930863813157896, 0.0023929308844736837, 0.0026085549469736838, 0.002822263046842105, 0.0030344371243421061, 0.0032468853385812352, 0.0034728252364473705, 0.0037072940445995427, 0.0040097341089473694, 0.0043036043448567516, 0.0044763772433947377, 0.0046501414878947385; ...
    0.0004891329956140352, 0.00059828744645559631, 0.00073263542973489278, 0.00087517220099415211, 0.0010253402308089668, 0.0011766805021157511, 0.0013353216420146198, 0.0014940488445896471, 0.0016613951339376218, 0.0018272553124422195, 0.0020204165772699802, 0.0022299471874273878, 0.0024561038039999997, 0.0026767878445, 0.002908199606052631, 0.003150733551552631, 0.0033999996637894725, 0.0036428786077894737, 0.0039051288105789467, 0.0041826226040789487, 0.0044847818075789466, 0.0048548501985789493, 0.0052144776367894748, 0.0054204417412894749, 0.005633668972105264; ...
    0.00051592797028985509, 0.00072102795882069814, 0.00087403563298999929, 0.0010499102689327489, 0.0012233062913903211, 0.0014042357027850877, 0.0015877884693128654, 0.0017817345120784607, 0.0019748488754210529, 0.0021718468552192984, 0.00239819719657115, 0.0026662159402110141, 0.0029273830253684205, 0.00317352849781579, 0.00343028272631579, 0.0037012578639473684, 0.0039805638909473683, 0.0042739102924736856, 0.0045831717064736847, 0.0049134256426315824, 0.0052643089446315792, 0.0056660149294736877, 0.0060847637984736856, 0.006322660196078949, 0.00657439410157895; ...
    0.00051592797028985509, 0.00086099883571556215, 0.0010319092576929823, 0.0012322210454985378, 0.0014337808118226123, 0.0016394927084244643, 0.001852648352081872, 0.0020745797416559454, 0.00229603663171345, 0.0025223446953801174, 0.00278980781681384, 0.0031115779389712483, 0.0034126249809473693, 0.0036911537699473697, 0.0039760106621052633, 0.0042830593271052635, 0.0045959181301830666, 0.0049388234178684223, 0.005290606634286041, 0.0057059276869736858, 0.0061325087995972539, 0.0066598729586052636, 0.0071744034892013741, 0.00746174881881579, 0.0077521225563157914; ...
    0.00051592797028985509, 0.0010136528397993827, 0.001197909170247563, 0.0014115991062266082, 0.0016389654443469783, 0.0018697626067175396, 0.0021133804541345028, 0.0023585638330157429, 0.0026095175033567248, 0.0028592551092800531, 0.0031687147529610134, 0.0035305682854980505, 0.0038790178714736847, 0.0041908965154736841, 0.0045253346802631581, 0.004876198154763158, 0.0052437133898947368, 0.00564713163589474, 0.0060748099760526324, 0.0065480329185526338, 0.0070528254152631593, 0.0076347228852631614, 0.0082164212454210531, 0.0085426748269210526, 0.0088768427115789479; ...
    0.00051592797028985509, 0.0011808270588174138, 0.0013637299462261206, 0.0016019555741959067, 0.0018520073103996102, 0.0021151064968128654, 0.0023788970959239763, 0.0026458119154800196, 0.0029195387672300197, 0.0032045345137280703, 0.0035453699520984405, 0.0039499170918016564, 0.0043394850527368424, 0.00469948921344737, 0.0050661433089473681, 0.005442291854999998, 0.0058550607499999975, 0.0063159052798947377, 0.0068085710688947356, 0.0073784221847368438, 0.0079977856987368413, 0.0087234853765379861, 0.0094890140608421044, 0.0098599745350778038, 0.010252228383157895; ...
    0.00051592797028985509, 0.0013853381927880542, 0.0015512279705935672, 0.001803943022621345, 0.002077643111939571, 0.0023656024684025347, 0.0026489923961111111, 0.0029341181405555554, 0.0032323737957446392, 0.0035471389880409356, 0.003924838186854733, 0.0043880330956257317, 0.0048182751307414189, 0.0052105434433684216, 0.0056191325198810069, 0.0061024474239473664, 0.006595255970947368, 0.0071613377746842111, 0.00774316386568421, 0.0083785139798684231, 0.0090392971413684187, 0.0098708572736052672, 0.010676714287105265, 0.011103669862710525, 0.011535722984210527; ...
    0.00051592797028985509, 0.0015790443749292666, 0.0017602493099502924, 0.0020149922869033689, 0.0023060053134405459, 0.0026137243473606441, 0.0029235763838947361, 0.003228896000006992, 0.0035544192617485374, 0.0038905171678021108, 0.0043156932564113052, 0.00482701875811501, 0.005311266308526315, 0.0057428594320263178, 0.0062214959081578949, 0.0067632585526578954, 0.0073451386996842083, 0.008004545832684215, 0.008651444109, 0.0092026367125000053, 0.0098206492432631586, 0.010714655356263161, 0.011554708545947369, 0.012016661537447369, 0.012483122676315791; ...
