% Vector DYNA4 Version 3.0

USER_COMMENT.Comment = 'User-defined comment';
USER_COMMENT.v = '';

EngInrt.Comment = 'Inertia of engine flywheel and crankshaft';
EngInrt.vUnit = 'kg*m**2';
EngInrt.v = 0.211;

IncrEngTrqTimeConst.Comment = 'Time constant of increasing engine torque versus engine speed';
IncrEngTrqTimeConst.xComment = 'Engine speed';
IncrEngTrqTimeConst.xUnit = 'rad/s';
IncrEngTrqTimeConst.vComment = 'Time constant';
IncrEngTrqTimeConst.vUnit = 's';
IncrEngTrqTimeConst.x = [100, 200]';
IncrEngTrqTimeConst.v = [0.2, 0.2]';

DecrEngTrqTimeConst.Comment = 'Time constant of decreasing engine torque';
DecrEngTrqTimeConst.vUnit = 's';
DecrEngTrqTimeConst.v = 0.05;

FastEngTrqLimitTimeConst.Comment = 'Time constant of fast engine torque limit';
FastEngTrqLimitTimeConst.vUnit = 's';
FastEngTrqLimitTimeConst.v = 0.05;

SlowEngTrqLimitTimeConst.Comment = 'Time constant of slow engine torque limit';
SlowEngTrqLimitTimeConst.vUnit = 's';
SlowEngTrqLimitTimeConst.v = 0.2;

EngTrqMap.Comment = 'Engine torque look-up table';
EngTrqMap.xComment = 'Load signal';
EngTrqMap.xUnit = '0_1';
EngTrqMap.yComment = 'Engine speed';
EngTrqMap.yUnit = 'rad/s';
EngTrqMap.vComment = 'Engine torque';
EngTrqMap.vUnit = 'Nm';
EngTrqMap.x = [0, 0.05, 0.1, 0.15, 0.2, 0.25, 0.3, 0.35, 0.4, 0.45, 0.5, 0.55, 0.6, 0.65, 0.7, 0.75, 0.8, 0.85, 0.9, 0.95, 1];
EngTrqMap.y = [0, 20, 40, 60, 80, 100, 120, 140, 160, 180, 200, 220, 240, 260, 280, 300, 320, 340, 360, 380, 400, 420, 440, 460, 480, ...
    500, 520, 540, 560, 580, 600, 620, 640, 660];
EngTrqMap.v = [0, -15.372823, -20.325074, -26.432264, -28.244808, -28.619634, -29.125165, -29.711402, -30.269215, -30.843441, -31.355232, -32.142317, -33.082329, -34.036034, -34.886486, -35.849278, -36.808115, -36.951618, -37.43656, -37.643641, -38.340079, -38.470725, -39.21192, -39.521442, -39.447835, ...
    -39.447156, -39.813217, -39.955521, -40.523974, -40.010793, -41.648288, -41.831937, -41.738068, -39.740109; ...
    0, -14.773359, -19.376517, -25.401537, -27.1434, -27.654289, -28.24585, -28.901864, -29.51454, -30.128685, -30.714566, -31.55297, -32.593276, -33.537369, -34.578005, -35.563162, -36.513728, -37.097418, -37.441883, -38.275057, -38.38063, -39.296397, -39.70261, -39.784225, -40.077296, ...
    -40.540923, -41.016471, -41.27474, -41.408631, -42.182869, -43.329131, -42.884126, -42.826327, -41.815425; ...
    0, 7.2992085, 11.549849, 12.55037, 13.410988, 14.814455, 16.222811, 17.326133, 19.246456, 22.351909, 23.705616, 24.007239, 23.714724, 23.52742, 23.233302, 22.895171, 22.587752, 22.817995, 22.492067, 22.689929, 21.485213, 20.86918, 19.321922, 18.789813, 16.796719, ...
    15.309153, 13.966546, 11.539056, 10.145097, 8.300578, 6.4647058, 4.2742228, 3.3445958, 4.5053283; ...
    0, 19.070969, 30.176809, 32.790913, 35.039489, 37.326432, 39.613914, 41.50017, 44.181042, 48.110656, 49.781912, 50.457648, 50.758284, 50.829295, 50.85888, 51.08885, 50.951577, 51.250602, 51.248387, 50.994917, 50.781396, 49.084197, 48.080136, 46.19277, 44.972954, ...
    42.638237, 40.851693, 39.765111, 36.838192, 34.714606, 30.434286, 28.260562, 27.087604, 25.516673; ...
    0, 29.610566, 46.854064, 50.912856, 54.40411, 57.414969, 60.078291, 62.376314, 65.798223, 71.005616, 73.39121, 74.356176, 75.193806, 75.921784, 76.86127, 77.628555, 77.918843, 78.513948, 78.891712, 78.605859, 77.968166, 76.680835, 75.550239, 73.54592, 70.689674, ...
    67.454955, 65.744406, 62.328067, 60.483762, 58.227417, 53.770086, 51.975853, 47.885789, 48.910393; ...
    0, 39.24123, 62.093075, 67.471965, 72.09873, 75.970223, 79.085105, 81.945352, 85.839795, 92.54862, 95.70291, 97.516944, 98.972823, 100.68097, 101.73645, 102.6795, 104.30755, 104.60974, 104.75322, 104.28223, 103.20088, 102.82372, 100.65004, 97.584734, 95.009349, ...
    91.436934, 88.327795, 84.816756, 81.007688, 77.939423, 75.5257, 71.400925, 68.983804, 70.289142; ...
    0, 48.117038, 76.137646, 82.733164, 88.406438, 92.603619, 96.781008, 100.30849, 105.48622, 113.58857, 117.37436, 120.05344, 122.16066, 123.37474, 124.88684, 127.3575, 128.31311, 128.79214, 130.30813, 129.57102, 129.00011, 127.15272, 124.55021, 122.49404, 118.36382, ...
    113.57708, 111.68736, 106.56183, 101.25646, 97.228182, 94.992529, 89.325079, 85.275002, 83.916635; ...
    0, 51.817214, 81.992592, 89.095303, 95.204848, 99.966764, 104.40334, 107.91448, 113.38526, 121.40546, 125.7665, 128.32132, 130.39585, 132.15553, 135.59564, 137.04015, 137.96446, 138.50275, 140.73154, 139.67432, 138.3671, 136.90677, 134.72831, 131.63955, 127.75808, ...
    123.87352, 120.39268, 116.77197, 111.27685, 104.26465, 101.19649, 97.797318, 94.588094, 92.089123; ...
    0, 55.605709, 87.98729, 95.6093, 102.16553, 107.02704, 111.44153, 115.0536, 120.31354, 128.67684, 132.59881, 135.66666, 137.85371, 140.34335, 144.395, 146.35483, 147.90652, 148.33702, 150.63186, 149.56221, 148.44471, 146.15819, 144.31312, 140.94866, 136.60836, ...
    132.34785, 129.67667, 124.35278, 118.49749, 113.09297, 109.27229, 104.96583, 100.54335, 102.18835; ...
    0, 59.320784, 93.865812, 101.99705, 108.99131, 113.95663, 118.1208, 121.6918, 126.92996, 135.05104, 139.12412, 142.20058, 144.88187, 148.00401, 152.56186, 154.8017, 156.45653, 156.70541, 159.4971, 158.42414, 157.66776, 154.69187, 153.14305, 149.00067, 144.9278, ...
    142.66819, 137.32767, 130.63365, 126.07871, 120.82011, 116.15969, 112.02861, 106.89088, 108.6613; ...
    0, 61.135069, 96.736633, 105.11656, 112.32474, 117.15475, 121.22611, 124.99542, 130.234, 138.04762, 142.39317, 145.8014, 149.08855, 151.2056, 156.43073, 158.69074, 159.87912, 160.71818, 163.55146, 162.49553, 161.28983, 159.21483, 156.92954, 153.41822, 148.53919, ...
    147.44781, 142.04817, 137.00795, 129.41429, 122.74812, 119.63855, 114.53932, 111.25921, 112.03124; ...
    0, 62.948725, 99.606457, 108.23499, 115.657, 120.38034, 124.5748, 128.20129, 134.76773, 141.38519, 145.85252, 148.77676, 151.74389, 156.75664, 159.45872, 161.64243, 163.67488, 164.66457, 167.1577, 167.11761, 164.7479, 163.04278, 160.81345, 157.72171, 152.94513, ...
    151.07623, 146.10777, 139.95771, 132.94205, 126.37042, 124.15177, 117.89011, 113.66171, 110.42888; ...
    0, 64.783468, 102.50965, 111.38968, 119.02802, 123.78431, 127.69121, 131.3303, 137.54705, 144.74568, 148.69912, 152.07504, 154.59162, 159.83504, 162.14939, 164.53797, 166.5163, 167.47643, 170.69303, 170.98369, 169.53636, 166.87808, 164.60008, 160.47994, 156.37746, ...
    155.06196, 149.89844, 142.26364, 134.72661, 131.18548, 128.84358, 122.09673, 117.88041, 115.14202; ...
    0, 66.648172, 105.46025, 114.59588, 122.45408, 127.08644, 130.91699, 133.76202, 140.83745, 147.94321, 152.27169, 154.72716, 157.52547, 162.59798, 165.03411, 166.99084, 169.00959, 169.99705, 173.8527, 173.6953, 172.47354, 170.4347, 168.34989, 164.53545, 159.66624, ...
    158.35124, 153.57927, 147.38221, 141.43134, 133.71306, 131.60122, 124.71168, 120.10835, 119.81214; ...
    0, 67.222786, 106.36949, 115.58388, 123.50983, 128.11434, 131.9516, 135.35186, 141.71737, 148.44328, 152.65701, 155.71259, 158.42298, 163.48777, 165.79178, 167.60276, 168.83613, 174.32842, 174.89508, 174.61368, 173.24657, 170.2875, 169.00058, 166.09247, 160.96801, ...
    159.44322, 154.6283, 147.50413, 141.75641, 135.27002, 132.81444, 126.63772, 119.92163, 122.03396; ...
    0, 67.705317, 107.13302, 116.41355, 124.39639, 129.87102, 132.80409, 136.1861, 143.34781, 149.44493, 153.47592, 156.51581, 158.25549, 164.0518, 166.50863, 168.1464, 169.46026, 174.60139, 175.7861, 176.32359, 174.1314, 171.86533, 170.32318, 166.92345, 162.30169, ...
    161.14744, 154.98201, 149.8281, 142.63151, 136.35404, 134.68855, 126.86998, 121.96787, 124.09544; ...
    0, 68.263349, 108.01601, 117.37304, 125.42168, 130.89258, 133.87352, 137.45275, 142.53655, 150.6669, 154.48088, 157.22073, 159.22055, 164.74971, 167.23465, 168.93036, 170.45804, 174.86357, 176.21446, 176.34756, 175.87368, 172.41873, 169.82512, 167.01501, 165.71559, ...
