% Vector DYNA4 Version 3.0

USER_COMMENT.Comment = 'User-defined comment';
USER_COMMENT.v = '';

FuelDensity.Comment = 'Fuel density';
FuelDensity.vUnit = 'kg/m**3';
FuelDensity.v = 765;

NetCalorificValue.Comment = 'Net calorific value';
NetCalorificValue.vUnit = 'J/kg';
NetCalorificValue.v = 42000000;

EngConsumptionMap.Comment = 'Engine consumption map';
EngConsumptionMap.xComment = 'Engine torque';
EngConsumptionMap.xUnit = 'Nm';
EngConsumptionMap.yComment = 'Engine speed';
EngConsumptionMap.yUnit = 'rad/s';
EngConsumptionMap.vComment = 'Fuel consumption';
EngConsumptionMap.vUnit = 'kg/s';
EngConsumptionMap.x = [-43.329131, -35.603201, -27.877271, -20.151341, -12.42541, -4.6994804, 3.0264498, 10.75238, 18.47831, 26.20424, 33.93017, 41.6561, 49.38203, 57.107961, 64.833891, 72.559821, 80.285751, 88.011681, 95.737611, 103.46354, 111.18947, 118.9154, 126.64133, 134.36726, 142.09319, ...
    149.81912, 157.54505, 165.27098, 172.99691, 180.72284]';
EngConsumptionMap.y = [0, 20, 40, 60, 80, 100, 120, 140, 160, 180, 200, 220, 240, 260, 280, 300, 320, 340, 360, 380, 400, 420, 440, 460, 480, ...
    500, 520, 540, 560, 580, 600, 620, 640, 660]';
EngConsumptionMap.v = [0, 0, 0, 0, 0, 0, 0, 0, 0, 0, 0, 0, 0, 0, 0, 0, 0, 0, 0, 0, 0, 0, 0, 0, 0, ...
    0, 0, 0, 0, 0, 0, 0, 0, 0; ...
    0, 0, 0, 0, 0, 0, 0, 0, 0, 0, 0, 0, 0, 0, 0, 0, 1.9190223e-005, 3.3316476e-005, 4.3713795e-005, 6.7097577e-005, 7.3757493e-005, 0.00010182172, 0.00012396944, 0.00012719406, 0.00014458353, ...
    0.00017041306, 0.00019099134, 0.00021230887, 0.00022655277, 0.00026810621, 0.00032634656, 0.00032698414, 0.00033900597, 0.00029352451; ...
    0, 0, 0, 0, 0, 0, 3.4159079e-006, 1.0791438e-005, 1.9382505e-005, 2.8321277e-005, 3.9063489e-005, 5.6779997e-005, 7.6015644e-005, 9.8630229e-005, 0.00012675934, 0.00015203761, 0.00018202146, 0.00020558116, 0.00022739411, 0.00026111668, 0.00027892756, 0.00031482623, 0.00035760777, 0.00036223034, 0.00039425238, ...
    0.00043705412, 0.0004635781, 0.00050152196, 0.00052805166, 0.00058291994, 0.00065269312, 0.00067395334, 0.00070161027, 0.0006585709; ...
    0, 9.3662164e-006, 1.9848598e-005, 3.1706326e-005, 4.7514739e-005, 6.0672354e-005, 7.5017984e-005, 9.2164084e-005, 0.00011084447, 0.0001255083, 0.00014543303, 0.00017612553, 0.00020054722, 0.00023325867, 0.00027291256, 0.00030486724, 0.00034485271, 0.00037784584, 0.00041107443, 0.00045513578, 0.00048409763, 0.00052783074, 0.0005912461, 0.00059726662, 0.00064392124, ...
    0.00070369518, 0.00073616486, 0.00079073505, 0.00082955055, 0.00089773368, 0.00097903969, 0.0010209225, 0.0010642146, 0.0010236173; ...
    0, 1.901079e-005, 4.0287081e-005, 6.4354939e-005, 9.6441581e-005, 0.00012314784, 0.00014662006, 0.00017353673, 0.00020230644, 0.00022269532, 0.00025180256, 0.00029547106, 0.00032507879, 0.00036788711, 0.00041906578, 0.00045769687, 0.00050768395, 0.00055011053, 0.00059475475, 0.00064915488, 0.00068926769, 0.00074083525, 0.00082488444, 0.00083230291, 0.00089359009, ...
    0.00097033624, 0.0010087516, 0.0010799481, 0.0011310494, 0.0012125474, 0.0013053862, 0.0013678917, 0.0014268189, 0.0013886637; ...
    0, 2.8655363e-005, 6.0725564e-005, 9.7003552e-005, 0.00014536842, 0.00018562333, 0.00021822214, 0.00025490938, 0.0002937684, 0.00031988234, 0.0003581721, 0.00041481659, 0.00044961037, 0.00050251555, 0.00056521899, 0.0006105265, 0.00067051519, 0.00072237521, 0.00077843507, 0.00084317398, 0.00089443776, 0.00095383976, 0.0010585228, 0.0010673392, 0.0011432589, ...
    0.0012369773, 0.0012813384, 0.0013691612, 0.0014325483, 0.0015273612, 0.0016317328, 0.0017148609, 0.0017894232, 0.0017537101; ...
    0, 3.8299936e-005, 8.1164048e-005, 0.00012965217, 0.00019429526, 0.00024809883, 0.00028982421, 0.00033628202, 0.00038523037, 0.00041706937, 0.00046454164, 0.00053416212, 0.00057414194, 0.00063714399, 0.00071137221, 0.00076335614, 0.00083334643, 0.0008946399, 0.00096211539, 0.0010371931, 0.0010996078, 0.0011668443, 0.0012921611, 0.0013023755, 0.0013929278, ...
    0.0015036184, 0.0015539252, 0.0016583743, 0.0017340472, 0.0018421749, 0.0019580794, 0.0020618301, 0.0021520275, 0.0021187564; ...
    0, 4.7944509e-005, 0.00010160253, 0.00016230078, 0.00024322211, 0.00031057432, 0.00036142629, 0.00041765467, 0.00047669234, 0.00051425639, 0.00057091118, 0.00065350765, 0.00069867352, 0.00077177243, 0.00085752543, 0.00091618577, 0.00099617767, 0.0010669046, 0.0011457957, 0.0012312122, 0.0013047779, 0.0013798488, 0.0015257994, 0.0015374118, 0.0016425967, ...
    0.0017702594, 0.0018265119, 0.0019475874, 0.0020311553, 0.0021344407, 0.0022627828, 0.002354817, 0.0024378611, 0.0024523507; ...
    0, 5.6413778e-005, 0.00011955034, 0.00019097078, 0.00028618664, 0.00036543643, 0.00042784015, 0.00049601761, 0.0005681543, 0.00061144341, 0.00067728072, 0.00077285317, 0.00082320509, 0.00090640087, 0.0010036786, 0.0010690154, 0.0011590089, 0.0012391693, 0.001329476, 0.0014252313, 0.001509948, 0.0015928533, 0.0017594378, 0.001772448, 0.0018839497, ...
    0.0020112737, 0.0020727213, 0.0021784489, 0.0022767936, 0.002378203, 0.0025501308, 0.0026374063, 0.0027203975, 0.0027784993; ...
    0, 6.3579999e-005, 0.00013473678, 0.00021522972, 0.00032254082, 0.00041185769, 0.00048167062, 0.00055720862, 0.00063748605, 0.00070166888, 0.00077935497, 0.00088406275, 0.00094325114, 0.0010359206, 0.0011399201, 0.0012157133, 0.0013151448, 0.0014040269, 0.0015019442, 0.0016049283, 0.0016958186, 0.001791031, 0.0019349357, 0.0019858699, 0.0020954125, ...
    0.0022154405, 0.0023001395, 0.0024026953, 0.002522432, 0.0026219653, 0.0028374788, 0.0029199956, 0.003002934, 0.003104709; ...
    0, 7.074622e-005, 0.00014992322, 0.00023948867, 0.000358895, 0.00045827894, 0.0005355011, 0.00061839963, 0.0007043746, 0.00078489435, 0.00087244317, 0.00097479754, 0.0010538624, 0.001155804, 0.0012602977, 0.0013542268, 0.0014636729, 0.0015593918, 0.0016622893, 0.0017674613, 0.0018693918, 0.0019825642, 0.002103307, 0.0021983836, 0.0023068752, ...
    0.0024196072, 0.0025275577, 0.0026269417, 0.0027680703, 0.0028657276, 0.0031246467, 0.0031984333, 0.0033224232, 0.0034315443; ...
    0, 7.8328977e-005, 0.00016599236, 0.00026515766, 0.00039736226, 0.00050739842, 0.00059132257, 0.00067980899, 0.00077126315, 0.00086811983, 0.00096553138, 0.0010655323, 0.0011644736, 0.0012756874, 0.0013806754, 0.0014927403, 0.0016122009, 0.0017147568, 0.0018226344, 0.0019299944, 0.002042965, 0.0021740974, 0.0022716782, 0.0024108974, 0.002518338, ...
    0.002623774, 0.002758459, 0.0028670114, 0.0030293116, 0.0031455725, 0.0034115966, 0.0034753653, 0.003646683, 0.0037583795; ...
    0, 8.623847e-005, 0.00018275392, 0.00029193272, 0.00043748706, 0.00055863444, 0.0006526853, 0.00075181898, 0.00084647406, 0.00095364246, 0.0010586196, 0.0011562671, 0.0012750849, 0.0013955709, 0.0015010531, 0.0016312538, 0.0017607289, 0.0018701218, 0.0019829795, 0.0020925275, 0.0022165382, 0.0023663222, 0.002451493, 0.0026291977, 0.0027497545, ...
    0.0028868828, 0.0030193296, 0.0031559064, 0.0032999705, 0.003429495, 0.0036985466, 0.0037522972, 0.0039721486, 0.0040890873; ...
    0, 9.4147964e-005, 0.00019951547, 0.00031870778, 0.00047761185, 0.00060987045, 0.00071404803, 0.00082382896, 0.00092572527, 0.0010508273, 0.0011650094, 0.0012739243, 0.0014021138, 0.0015297805, 0.0016442507, 0.0017828583, 0.0019199009, 0.0020391804, 0.002160294, 0.0022840927, 0.0024160868, 0.0025757964, 0.0026877743, 0.0028557293, 0.0029961819, ...
    0.0031585757, 0.0032802003, 0.0034448013, 0.0035706295, 0.0037134175, 0.0039945981, 0.0040905739, 0.0043026348, 0.0044793584; ...
    0, 0.00010242597, 0.00021705797, 0.00034673032, 0.00051960613, 0.00066349363, 0.00077825823, 0.00089756868, 0.0010049765, 0.0011480122, 0.0012721252, 0.001395936, 0.0015327012, 0.0016672924, 0.0017928415, 0.0019381749, 0.0020817865, 0.0022126073, 0.0023430136, 0.0024833178, 0.0026213808, 0.0027852706, 0.0029240556, 0.003082261, 0.0032426092, ...
